converged: true
initial_cost_per_obs: 49808.49011268101
final_cost_per_obs: 0.3066819761872028
target_mount_to_target_pos:
  x: 1.60586104034503
  y: -0.05503244317187262
  z: 0.3255638469473136
camera_mount_to_camera_pos:
  x: -0.009463772255651237
  y: -0.1031312457873824
  z: 0.03876615960446108
target_mount_to_target_rpy:
  x: 3.138265142744211
  y: -3.139826528288589
  z: 3.120448851082269
camera_mount_to_camera_rpy:
  x: 1.583081030251112
  y: -3.122182762672128
  z: 0.002948343264348896