converged: true
initial_cost_per_obs: 15.78193618906967
final_cost_per_obs: 0.1689789901980266
target_mount_to_target_pos:
  x: 0.555641489380775
  y: 0.05956001933889868
  z: 0.1229851433910979
camera_mount_to_camera_pos:
  x: 0.085549560652492
  y: -0.1732631672558103
  z: 0.1329373703855808
target_mount_to_target_rpy:
  x: -0.0072122
  y: -0.0037515
  z: -1.6269452
camera_mount_to_camera_rpy:
  x: -1.4496246
  y: 1.5315441
  z: -0.1169771
