header: {stamp: {sec: 0, nanosec: 0}, frame_id: ""}
joint_names: ['joint_1_s', 'joint_2_l', 'joint_3_u', 'joint_4_r', 'joint_5_b', 'joint_6_t']
points:
  - positions: [-0.41555356979370117, 0.007010500878095627, -0.3567153811454773, -0.2801934778690338, -0.9274557828903198, 0.17776279151439667]
    velocities: [0.0, 0.0, 0.0, 0.0, 0.0, 0.0]
    accelerations: [0.0, 0.0, 0.0, 0.0, 0.0, 0.0]
    effort: [0.0, 0.0, 0.0, 0.0, 0.0, 0.0]
    time_from_start:
      sec: 0
      nanosec: 0
  - positions: [0.35558223724365234, 0.00796837080270052, -0.35672301054000854, 0.7120315432548523, -1.0933623313903809, -0.12963275611400604]
    velocities: [0.0, 0.0, 0.0, 0.0, 0.0, 0.0]
    accelerations: [0.0, 0.0, 0.0, 0.0, 0.0, 0.0]
    effort: [0.0, 0.0, 0.0, 0.0, 0.0, 0.0]
    time_from_start:
      sec: 8
      nanosec: 0
  - positions: [0.2573891878128052, 0.8049095869064331, 0.6756765246391296, 0.5173429250717163, -1.7105913162231445, -0.9592958688735962]
    velocities: [0.0, 0.0, 0.0, 0.0, 0.0, 0.0]
    accelerations: [0.0, 0.0, 0.0, 0.0, 0.0, 0.0]
    effort: [0.0, 0.0, 0.0, 0.0, 0.0, 0.0]
    time_from_start:
      sec: 16
      nanosec: 0
  - positions: [-0.3744465410709381, 0.8962265849113464, 0.8662335872650146, -0.23170647025108337, -1.6791141033172607, -0.9592823386192322]
    velocities: [0.0, 0.0, 0.0, 0.0, 0.0, 0.0]
    accelerations: [0.0, 0.0, 0.0, 0.0, 0.0, 0.0]
    effort: [0.0, 0.0, 0.0, 0.0, 0.0, 0.0]
    time_from_start:
      sec: 24
      nanosec: 0

