fx: 641.414306640625
fy: 640.8388061523438
cx: 652.8785400390625
cy: 369.4931640625
