converged: true
initial_cost_per_obs: 28.2239
final_cost_per_obs: 0.4759
target_mount_to_target_pos:
  x: 0.412656
  y: 0.00767409
  z: 0.0102686
target_mount_to_target_rpy:
  x: -3.13096
  y: -3.14018
  z: 1.5801
camera_mount_to_camera_pos:
  x: -0.144569
  y: -0.16574
  z: 0.0967931
camera_mount_to_camera_rpy:
  x: -1.15849
  y: -1.59259
  z: 1.18146
